Greedy
8916
2.5e-05
78030
2.4e-05
13358
2.7e-05
14620
2.6e-05
38627698
2.2e-05
324
3.5e-05
117230
3.6e-05
16174574
0.000579
7410
3.7e-05
40512
9.1e-05
56086
0.00011
77296
9.5e-05
102664
0.000113
131406
0.000135
174026
0.000161
176336
0.00016
169670
0.000166
170174
0.000161
171598
0.00016
54064
5.1e-05
BMB
2814
0.007969
19554
0.009267
6530
0.012073
6560
0.011591
17997928
0.010103
188
0.030863
93030
0.035302
15176069
0.847756
6224
0.042585
35038
0.287997
49334
0.443713
67520
0.642105
92520
0.964455
117198
1.32764
154024
1.92707
156580
2.01362
149946
2.01034
151458
1.92853
151774
1.90547
49188
0.195599
GRASP
2884
0.016483
17848
0.016279
6438
0.020711
6790
0.019527
17997928
0.014466
196
0.06176
93990
0.041729
15197734
0.891453
6216
0.042212
35168
0.270156
49430
0.475135
67534
1.78582
92642
1.29665
117338
2.7105
154056
2.11715
156024
3.93162
150090
3.04878
152286
3.08714
151452
3.1291
49270
0.285194
ISL
2712
0.005139
17634
0.005753
6552
0.011504
6700
0.007974
18039214
0.004097
192
0.031553
92970
0.027038
15130341
2.43459
6170
0.040624
34686
0.408207
48828
0.733783
66852
1.18558
91724
1.94461
116302
3.02362
152908
4.69953
154636
4.70909
148548
4.74969
150442
4.60358
150300
4.70769
48988
0.279262
